{
 "cells": [
  {
   "cell_type": "code",
   "execution_count": 1,
   "id": "e99c8832",
   "metadata": {},
   "outputs": [],
   "source": [
    "import numpy as np\n",
    "import cupy as cp\n",
    "import warnings\n",
    "import os\n",
    "\n",
    "gpu_available = True\n",
    "\n",
    "\n",
    "from few.trajectory.inspiral import EMRIInspiral\n",
    "from few.amplitude.romannet import RomanAmplitude\n",
    "from few.amplitude.interp2dcubicspline import Interp2DAmplitude\n",
    "from few.waveform import FastSchwarzschildEccentricFlux, SlowSchwarzschildEccentricFlux\n",
    "from few.utils.utility import get_overlap, get_mismatch, get_separatrix, get_fundamental_frequencies\n",
    "from few.utils.ylm import GetYlms\n",
    "from few.utils.modeselector import ModeSelector\n",
    "from few.summation.interpolatedmodesum import CubicSplineInterpolant\n",
    "from few.utils.constants import *\n",
    "from few.utils.baseclasses import SchwarzschildEccentric, Pn5AAK, ParallelModuleBase\n",
    "from few.waveform import AAKWaveformBase, Pn5AAKWaveform\n",
    "from few.summation.aakwave import AAKSummation\n",
    "\n",
    "import matplotlib.pyplot as plt\n",
    "\n",
    "from few.utils.utility import get_p_at_t\n",
    "\n",
    "import time\n",
    "import warnings\n",
    "\n",
    "    \n",
    "traj = EMRIInspiral(func=\"pn5\")"
   ]
  },
  {
   "cell_type": "code",
   "execution_count": 2,
   "id": "8cf478b3",
   "metadata": {},
   "outputs": [],
   "source": [
    "from StableEMRIFisher import Fisher"
   ]
  },
  {
   "cell_type": "code",
   "execution_count": 3,
   "id": "3b2a5eb4",
   "metadata": {},
   "outputs": [],
   "source": [
    "#set initial parameters (default parameters in FEW 5PNAAK Documentation)\n",
    "M = 1e6\n",
    "mu = 10\n",
    "a = 0.9\n",
    "p0 = 8.05\n",
    "e0 = 0.1\n",
    "iota0 = 1.0\n",
    "Y0 = np.cos(iota0)\n",
    "Phi_phi0 = 2\n",
    "Phi_theta0 = 3\n",
    "Phi_r0 = 1.5\n",
    "\n",
    "qS = 0.2\n",
    "phiS = 0.2\n",
    "qK = 0.8\n",
    "phiK = 0.8\n",
    "dist = 1\n",
    "mich = True #mich = True implies output in hI, hII long wavelength approximation\n",
    "dt = 10.0\n",
    "T = 1.0"
   ]
  },
  {
   "cell_type": "code",
   "execution_count": 4,
   "id": "030ebf04",
   "metadata": {},
   "outputs": [
    {
     "name": "stdout",
     "output_type": "stream",
     "text": [
      "Waveform Generated. SNR:  44.09657324663886\n",
      "calculating stable deltas...\n",
      "M  =  1000100.0\n",
      "0.09723532800464843\n",
      "M  =  1000013.8949549437\n",
      "5.050156070303393\n",
      "M  =  1000001.9306977289\n",
      "307.85675290423467\n",
      "M  =  1000000.2682695795\n",
      "1580.9693216418084\n",
      "M  =  1000000.0372759372\n",
      "1653.149862933753\n",
      "M  =  1000000.0051794747\n",
      "1654.5796184882734\n",
      "M  =  1000000.0007196857\n",
      "1654.5908010394019\n",
      "M  =  1000000.0001\n",
      "1654.8158542552449\n",
      "[9.80746075e-01 9.83595760e-01 8.05273418e-01 4.36624307e-02\n",
      " 8.64120130e-04 6.75849952e-06 1.35998948e-04]\n",
      "[5]\n",
      "mu  =  10.001\n",
      "968076303.0182204\n",
      "mu  =  10.000138949549438\n",
      "49631997210.11342\n",
      "mu  =  10.000019306977288\n",
      "795688666792.6077\n",
      "mu  =  10.000002682695795\n",
      "1016086261722.5787\n",
      "mu  =  10.000000372759372\n",
      "1020999788619.4967\n",
      "mu  =  10.000000051794746\n",
      "1021098162978.7605\n",
      "mu  =  10.000000007196856\n",
      "1021082419057.1572\n",
      "mu  =  10.000000001\n",
      "1021208851572.0206\n",
      "[9.80494915e-01 9.37623848e-01 2.16908350e-01 4.81246613e-03\n",
      " 9.63417258e-05 1.54188548e-05 1.23806717e-04]\n",
      "[5]\n",
      "a  =  0.9000900000000001\n",
      "119643490901.49617\n",
      "a  =  0.9000125054594493\n",
      "5620458594152.962\n",
      "a  =  0.900001737627956\n",
      "45928750503987.92\n",
      "a  =  0.9000002414426216\n",
      "50646065884624.05\n",
      "a  =  0.9000000335483435\n",
      "50742396904193.734\n",
      "a  =  0.9000000046615272\n",
      "50743905798430.266\n",
      "a  =  0.9000000006477171\n",
      "50749104239254.016\n",
      "a  =  0.90000000009\n",
      "50728637865211.21\n",
      "[9.78712860e-01 8.77626573e-01 9.31427802e-02 1.89843258e-03\n",
      " 2.97354769e-05 1.02434140e-04 4.03448129e-04]\n",
      "[4]\n",
      "p0  =  8.050805\n",
      "1500123547.47875\n",
      "p0  =  8.050111854387298\n",
      "77686220630.13425\n",
      "p0  =  8.050015542116718\n",
      "4658960372880.421\n",
      "p0  =  8.050002159570116\n",
      "72602769939607.42\n",
      "p0  =  8.050000300071295\n",
      "86212890489576.03\n",
      "p0  =  8.050000041694771\n",
      "86503850795713.12\n",
      "p0  =  8.05000000579347\n",
      "86508463798041.58\n",
      "p0  =  8.050000000805001\n",
      "86510268581806.67\n",
      "[9.80689966e-01 9.83325417e-01 9.35829440e-01 1.57866422e-01\n",
      " 3.36355322e-03 5.33242890e-05 2.08620756e-05]\n",
      "[6]\n",
      "e0  =  0.10001\n",
      "8676890945497.206\n",
      "e0  =  0.10000138949549438\n",
      "10942960392698.182\n",
      "e0  =  0.1000001930697729\n",
      "10991581235867.453\n",
      "e0  =  0.10000002682695795\n",
      "10992551465599.197\n",
      "e0  =  0.10000000372759373\n",
      "10992340628040.41\n",
      "e0  =  0.10000000051794747\n",
      "10992399093207.389\n",
      "e0  =  0.10000000007196858\n",
      "11001006716420.604\n",
      "e0  =  0.10000000001\n",
      "10994893608994.383\n",
      "[2.07080110e-01 4.42346211e-03 8.82624689e-05 1.91804062e-05\n",
      " 5.31869035e-06 7.82439593e-04 5.55995141e-04]\n",
      "[4]\n",
      "Y0  =  0.5403563360987266\n",
      "332255594421.9807\n",
      "Y0  =  0.5403098133443358\n",
      "15713893737503.604\n",
      "Y0  =  0.5403033490285746\n",
      "72130373819963.42\n",
      "Y0  =  0.5403024508148122\n",
      "75348720853995.39\n",
      "Y0  =  0.5403023260084145\n",
      "75412573845271.25\n",
      "Y0  =  0.5403023086666219\n",
      "75412625078169.3\n",
      "Y0  =  0.5403023062569876\n",
      "75424860863995.39\n",
      "Y0  =  0.54030230592217\n",
      "75421982784788.44\n",
      "[9.78855935e-01 7.82145955e-01 4.27126963e-02 8.46715448e-04\n",
      " 6.79367652e-07 1.62224838e-04 3.81596863e-05]\n",
      "[4]\n",
      "dist  =  1.1\n",
      "1983.9891293949072\n",
      "dist  =  1.0051794746792313\n",
      "1944.612080373533\n",
      "dist  =  1.000268269579528\n",
      "1944.5080256071378\n",
      "dist  =  1.0000138949549437\n",
      "1944.5077464620044\n",
      "dist  =  1.000000719685673\n",
      "1944.5077461024296\n",
      "dist  =  1.0000000372759372\n",
      "1944.507750312393\n",
      "dist  =  1.0000000019306978\n",
      "1944.5078451528457\n",
      "dist  =  1.0000000001\n",
      "1944.5061842114167\n",
      "[2.02493080e-02 5.35121301e-05 1.43555681e-07 1.84918199e-10\n",
      " 2.16505356e-09 4.87734996e-08 8.54171328e-07]\n",
      "[3]\n",
      "qS  =  0.22000000000000003\n",
      "162524.38176121787\n",
      "qS  =  0.20103589493584625\n",
      "166226.50862564528\n",
      "qS  =  0.2000536539159056\n",
      "166236.56504108952\n",
      "qS  =  0.20000277899098876\n",
      "166236.59212256334\n",
      "qS  =  0.2000001439371346\n",
      "166236.59024070879\n",
      "qS  =  0.20000000745518745\n",
      "166236.61644644703\n",
      "qS  =  0.20000000038613955\n",
      "166238.99588010524\n",
      "qS  =  0.20000000002\n",
      "166669.4062575794\n",
      "[2.22715793e-02 6.04946056e-05 1.62909222e-07 1.13203390e-08\n",
      " 1.57641191e-07 1.43133303e-05 2.58241982e-03]\n",
      "[3]\n",
      "phiS  =  0.22000000000000003\n",
      "5651.680664103779\n",
      "phiS  =  0.20103589493584625\n",
      "5655.742700151893\n",
      "phiS  =  0.2000536539159056\n",
      "5655.753602136011\n",
      "phiS  =  0.20000277899098876\n",
      "5655.753625479162\n",
      "phiS  =  0.2000001439371346\n",
      "5655.753938073655\n",
      "phiS  =  0.20000000745518745\n",
      "5655.751866828058\n",
      "phiS  =  0.20000000038613955\n",
      "5656.249160184001\n",
      "phiS  =  0.20000000002\n",
      "6149.533620090686\n",
      "[7.18214435e-04 1.92759177e-06 4.12732813e-09 5.52701720e-08\n",
      " 3.66219319e-07 8.79192804e-05 8.02149383e-02]\n",
      "[2]\n",
      "qK  =  0.8800000000000001\n",
      "1959.432366902422\n",
      "qK  =  0.804143579743385\n",
      "1969.470026175446\n",
      "qK  =  0.8002146156636224\n",
      "1969.4970307912336\n",
      "qK  =  0.800011115963955\n",
      "1969.4971036828858\n",
      "qK  =  0.8000005757485384\n",
      "1969.4971079324093\n",
      "qK  =  0.8000000298207498\n",
      "1969.4972456908354\n",
      "qK  =  0.8000000015445582\n",
      "1969.5177118537545\n",
      "qK  =  0.80000000008\n",
      "1975.0308181467503\n",
      "[5.09662962e-03 1.37114275e-05 3.70102866e-08 2.15766933e-09\n",
      " 6.99459856e-08 1.03914592e-05 2.79140267e-03]\n",
      "[3]\n",
      "phiK  =  0.8800000000000001\n",
      "7518.044040809079\n",
      "phiK  =  0.804143579743385\n",
      "7581.937920553748\n",
      "phiK  =  0.8002146156636224\n",
      "7582.109913571571\n",
      "phiK  =  0.800011115963955\n",
      "7582.110380344731\n",
      "phiK  =  0.8000005757485384\n",
      "7582.1104207770695\n",
      "phiK  =  0.8000000298207498\n",
      "7582.109957599494\n",
      "phiK  =  0.8000000015445582\n",
      "7582.1347514748095\n",
      "phiK  =  0.80000000008\n",
      "7587.698587596217\n",
      "[8.42711724e-03 2.26840576e-05 6.15624327e-08 5.33259686e-09\n",
      " 6.10882166e-08 3.27003886e-06 7.33270577e-04]\n",
      "[3]\n",
      "Phi_phi0  =  2.2\n",
      "5283.637618698592\n",
      "Phi_phi0  =  2.0103589493584626\n",
      "5547.786999303405\n",
      "Phi_phi0  =  2.000536539159056\n",
      "5548.510539459174\n",
      "Phi_phi0  =  2.0000277899098875\n",
      "5548.5120914829395\n",
      "Phi_phi0  =  2.000001439371346\n",
      "5548.467634852556\n",
      "Phi_phi0  =  2.0000000745518745\n",
      "5549.353176913695\n",
      "Phi_phi0  =  2.0000000038613956\n",
      "5513.2616623793565\n",
      "Phi_phi0  =  2.0000000002\n",
      "5539.805568798549\n",
      "[4.76134683e-02 1.30402592e-04 2.79718912e-07 8.01241592e-06\n",
      " 1.59575726e-04 6.54630902e-03 4.79148701e-03]\n",
      "[2]\n",
      "Phi_theta0  =  3.3\n",
      "1194.0159051743115\n",
      "Phi_theta0  =  3.0155384240376937\n",
      "1372.757599967114\n",
      "Phi_theta0  =  3.000804808738584\n",
      "1373.2897017225696\n",
      "Phi_theta0  =  3.000041684864831\n",
      "1373.2910731157085\n",
      "Phi_theta0  =  3.000002159057019\n",
      "1373.2932119148622\n",
      "Phi_theta0  =  3.0000001118278115\n",
      "1373.5144807541483\n",
      "Phi_theta0  =  3.000000005792093\n",
      "1373.0864107933892\n",
      "Phi_theta0  =  3.0000000003\n",
      "1475.6572155476379\n",
      "[1.30206305e-01 3.87465045e-04 9.98617967e-07 1.55742352e-06\n",
      " 1.61096838e-04 3.11757481e-04 6.95085577e-02]\n",
      "[2]\n",
      "Phi_r0  =  1.65\n",
      "87.59718226151404\n",
      "Phi_r0  =  1.5077692120188468\n",
      "88.43989675423181\n",
      "Phi_r0  =  1.500402404369292\n",
      "88.44217104645735\n",
      "Phi_r0  =  1.5000208424324155\n",
      "88.44224204150915\n",
      "Phi_r0  =  1.5000010795285095\n",
      "88.44162244153718\n",
      "Phi_r0  =  1.5000000559139057\n",
      "88.44041897263659\n",
      "Phi_r0  =  1.5000000028960465\n",
      "88.94051996561713\n",
      "Phi_r0  =  1.50000000015\n",
      "89.37878601954898\n",
      "[9.52866889e-03 2.57150203e-05 8.02727861e-07 7.00575085e-06\n",
      " 1.36076798e-05 5.62287013e-03 4.90346841e-03]\n",
      "[2]\n",
      "stable deltas:  {'M': 0.005179474679231213, 'mu': 5.1794746792312124e-08, 'a': 3.3548343482834466e-08, 'p0': 5.793469667659284e-09, 'e0': 3.727593720314938e-09, 'Y0': 2.014027482425755e-08, 'dist': 1.3894954943731361e-05, 'qS': 2.7789909887462724e-06, 'phiS': 5.3653915905594555e-05, 'qK': 1.1115963954985093e-05, 'phiK': 1.1115963954985093e-05, 'Phi_phi0': 0.000536539159055945, 'Phi_theta0': 0.0008048087385839177, 'Phi_r0': 0.0004024043692919588}\n",
      "calculating Fisher matrix...\n",
      "M  =  1000000.0051794747\n",
      "mu  =  10.000000051794746\n",
      "a  =  0.9000000335483435\n",
      "p0  =  8.05000000579347\n",
      "e0  =  0.10000000372759373\n",
      "Y0  =  0.5403023260084145\n",
      "dist  =  1.0000138949549437\n",
      "qS  =  0.20000277899098876\n",
      "phiS  =  0.2000536539159056\n",
      "qK  =  0.800011115963955\n",
      "phiK  =  0.800011115963955\n",
      "Phi_phi0  =  2.000536539159056\n",
      "Phi_theta0  =  3.000804808738584\n",
      "Phi_r0  =  1.500402404369292\n",
      "plotting covariance ellipses...\n"
     ]
    },
    {
     "data": {
      "text/plain": [
       "(array([[ 1.65457981e+03, -3.98221265e+07,  2.79748147e+08,\n",
       "          3.77659868e+08,  1.29121457e+08,  3.48598677e+08,\n",
       "         -5.10120715e-01, -8.05859326e+03,  2.23098017e+03,\n",
       "          2.89870007e+02, -2.72047055e+03, -2.39115116e+03,\n",
       "         -7.09029743e+02, -4.80504542e+01],\n",
       "        [-3.98221265e+07,  1.02109827e+12, -7.16160137e+12,\n",
       "         -9.22342386e+12, -2.87072529e+12, -8.72315475e+12,\n",
       "          1.13803182e+04,  2.67232981e+08, -4.81396303e+07,\n",
       "         -6.13664940e+06,  5.69583000e+07,  5.01409565e+07,\n",
       "          1.46502617e+07,  6.72503092e+05],\n",
       "        [ 2.79748147e+08, -7.16160137e+12,  5.07424024e+13,\n",
       "          6.47221124e+13,  2.02152054e+13,  6.13021892e+13,\n",
       "         -7.84140001e+04, -1.87780643e+09,  3.41127577e+08,\n",
       "          4.36377196e+07, -3.91068390e+08, -3.37454986e+08,\n",
       "         -1.22137145e+08, -2.48241374e+06],\n",
       "        [ 3.77659868e+08, -9.22342386e+12,  6.47221124e+13,\n",
       "          8.65084737e+13,  2.89689800e+13,  8.03260282e+13,\n",
       "         -1.13348376e+05, -1.98745607e+09,  4.96504105e+08,\n",
       "          6.43990667e+07, -6.05691915e+08, -5.33816408e+08,\n",
       "         -1.53398539e+08, -9.31987701e+06],\n",
       "        [ 1.29121457e+08, -2.87072529e+12,  2.02152054e+13,\n",
       "          2.89689800e+13,  1.09923420e+13,  2.59461630e+13,\n",
       "         -4.20076244e+04, -3.30356225e+08,  1.90164441e+08,\n",
       "          2.60141691e+07, -2.46721547e+08, -2.16648308e+08,\n",
       "         -6.47612361e+07, -5.78156586e+06],\n",
       "        [ 3.48598677e+08, -8.72315475e+12,  6.13021892e+13,\n",
       "          8.03260282e+13,  2.59461630e+13,  7.54125823e+13,\n",
       "         -9.92931412e+04, -2.07935207e+09,  4.41124534e+08,\n",
       "          5.67740299e+07, -5.31550862e+08, -4.68630489e+08,\n",
       "         -1.34304863e+08, -4.22783503e+06],\n",
       "        [-5.10120715e-01,  1.13803182e+04, -7.84140001e+04,\n",
       "         -1.13348376e+05, -4.20076244e+04, -9.92931412e+04,\n",
       "          1.94450799e+03,  1.23769308e+02, -1.66666418e+02,\n",
       "         -5.85508693e+01, -4.71649693e+00,  7.34281289e-01,\n",
       "          2.70300563e-01,  6.09480157e-02],\n",
       "        [-8.05859326e+03,  2.67232981e+08, -1.87780643e+09,\n",
       "         -1.98745607e+09, -3.30356225e+08, -2.07935207e+09,\n",
       "          1.23769308e+02,  1.66236611e+05, -7.90866235e+03,\n",
       "         -2.03173140e+03,  2.17855722e+03,  7.58040253e+02,\n",
       "          1.51251529e+03, -2.70454584e+02],\n",
       "        [ 2.23098017e+03, -4.81396303e+07,  3.41127577e+08,\n",
       "          4.96504105e+08,  1.90164441e+08,  4.41124534e+08,\n",
       "         -1.66666418e+02, -7.90866235e+03,  5.65575435e+03,\n",
       "          2.10376166e+02, -3.82546844e+03, -3.08820753e+03,\n",
       "         -1.19375395e+03, -1.33459272e+01],\n",
       "        [ 2.89870007e+02, -6.13664940e+06,  4.36377196e+07,\n",
       "          6.43990667e+07,  2.60141691e+07,  5.67740299e+07,\n",
       "         -5.85508693e+01, -2.03173140e+03,  2.10376166e+02,\n",
       "          1.96949735e+03, -6.74473474e+02, -5.37948253e+02,\n",
       "         -1.76531078e+02, -1.47333973e+01],\n",
       "        [-2.72047055e+03,  5.69583000e+07, -3.91068390e+08,\n",
       "         -6.05691915e+08, -2.46721547e+08, -5.31550862e+08,\n",
       "         -4.71649693e+00,  2.17855722e+03, -3.82546844e+03,\n",
       "         -6.74473474e+02,  7.58211134e+03,  5.88058696e+03,\n",
       "          9.30498289e+02,  1.41284132e+02],\n",
       "        [-2.39115116e+03,  5.01409565e+07, -3.37454986e+08,\n",
       "         -5.33816408e+08, -2.16648308e+08, -4.68630489e+08,\n",
       "          7.34281289e-01,  7.58040253e+02, -3.08820753e+03,\n",
       "         -5.37948253e+02,  5.88058696e+03,  5.54851123e+03,\n",
       "          4.28121148e+02,  1.22838355e+02],\n",
       "        [-7.09029743e+02,  1.46502617e+07, -1.22137145e+08,\n",
       "         -1.53398539e+08, -6.47612361e+07, -1.34304863e+08,\n",
       "          2.70300563e-01,  1.51251529e+03, -1.19375395e+03,\n",
       "         -1.76531078e+02,  9.30498289e+02,  4.28121148e+02,\n",
       "          1.37328988e+03,  4.19485365e+01],\n",
       "        [-4.80504542e+01,  6.72503092e+05, -2.48241374e+06,\n",
       "         -9.31987701e+06, -5.78156586e+06, -4.22783503e+06,\n",
       "          6.09480157e-02, -2.70454584e+02, -1.33459272e+01,\n",
       "         -1.47333973e+01,  1.41284132e+02,  1.22838355e+02,\n",
       "          4.19485365e+01,  8.84421813e+01]]),\n",
       " array([[ 1.92004462e+03, -4.28351467e-02, -2.40490827e-03,\n",
       "         -1.70858643e-02,  4.18803763e-03,  4.86864303e-03,\n",
       "          2.80043813e-01, -1.46346377e-01,  3.07071998e+00,\n",
       "          1.91691993e-01,  6.72652215e-01, -2.18604410e-02,\n",
       "          1.75853221e+00,  5.57403431e+00],\n",
       "        [-4.28351467e-02,  1.00284812e-06,  5.52634602e-08,\n",
       "          3.90839721e-07, -1.03467607e-07, -1.11399944e-07,\n",
       "         -6.74816150e-06,  6.47508007e-06, -7.27762353e-05,\n",
       "         -1.88446532e-06, -1.82587251e-05, -2.21478791e-05,\n",
       "         -6.24992432e-05, -1.51653392e-04],\n",
       "        [-2.40490827e-03,  5.52634602e-08,  3.08090845e-09,\n",
       "          2.17298121e-08, -5.58153484e-09, -6.20619896e-09,\n",
       "         -3.65425590e-07,  2.90901211e-07, -3.96542953e-06,\n",
       "         -1.56954171e-07, -9.55583315e-07, -8.11137156e-07,\n",
       "         -2.75874711e-06, -7.79580426e-06],\n",
       "        [-1.70858643e-02,  3.90839721e-07,  2.17298121e-08,\n",
       "          1.54073968e-07, -3.93778138e-08, -4.39363648e-08,\n",
       "         -2.58936830e-06,  1.98000218e-06, -2.81335349e-05,\n",
       "         -1.19118730e-06, -6.65145133e-06, -4.91175912e-06,\n",
       "         -2.09723525e-05, -5.41289060e-05],\n",
       "        [ 4.18803763e-03, -1.03467607e-07, -5.58153484e-09,\n",
       "         -3.93778138e-08,  1.13538601e-08,  1.12441512e-08,\n",
       "          6.97345321e-07, -1.04177572e-06,  7.36518066e-06,\n",
       "         -1.50752371e-07,  2.13653527e-06,  5.73010136e-06,\n",
       "          9.94880016e-06,  1.74130492e-05],\n",
       "        [ 4.86864303e-03, -1.11399944e-07, -6.20619896e-09,\n",
       "         -4.39363648e-08,  1.12441512e-08,  1.25562613e-08,\n",
       "          7.35674774e-07, -5.69518039e-07,  7.99013660e-06,\n",
       "          3.31529113e-07,  1.90134690e-06,  1.64236258e-06,\n",
       "          5.96390606e-06,  1.47095250e-05],\n",
       "        [ 2.80043813e-01, -6.74816150e-06, -3.65425590e-07,\n",
       "         -2.58936830e-06,  6.97345321e-07,  7.35674774e-07,\n",
       "          5.74391942e-04, -4.45107790e-05,  6.49306138e-04,\n",
       "          4.46957874e-05,  1.55577095e-04, -1.42146921e-04,\n",
       "          2.02346003e-04,  9.15436541e-04],\n",
       "        [-1.46346377e-01,  6.47508007e-06,  2.90901211e-07,\n",
       "          1.98000218e-06, -1.04177572e-06, -5.69518039e-07,\n",
       "         -4.45107790e-05,  2.79510738e-04, -3.80837410e-04,\n",
       "          2.07100382e-04, -2.78887078e-04, -1.89043026e-03,\n",
       "         -2.18209085e-03, -2.32026224e-03],\n",
       "        [ 3.07071998e+00, -7.27762353e-05, -3.96542953e-06,\n",
       "         -2.81335349e-05,  7.36518066e-06,  7.99013660e-06,\n",
       "          6.49306138e-04, -3.80837410e-04,  7.11333430e-03,\n",
       "          4.09856102e-04,  1.58953975e-03, -2.37471223e-03,\n",
       "          1.33590873e-03,  9.26131879e-03],\n",
       "        [ 1.91691993e-01, -1.88446532e-06, -1.56954171e-07,\n",
       "         -1.19118730e-06, -1.50752371e-07,  3.31529113e-07,\n",
       "          4.46957874e-05,  2.07100382e-04,  4.09856102e-04,\n",
       "          7.52630505e-04, -5.48085164e-05, -1.90477571e-03,\n",
       "         -1.73978949e-03, -1.08331367e-03],\n",
       "        [ 6.72652215e-01, -1.82587251e-05, -9.55583315e-07,\n",
       "         -6.65145133e-06,  2.13653527e-06,  1.90134690e-06,\n",
       "          1.55577095e-04, -2.78887078e-04,  1.58953975e-03,\n",
       "         -5.48085164e-05,  1.35434420e-03,  1.44449646e-04,\n",
       "          1.42598567e-03,  3.44398694e-03],\n",
       "        [-2.18604412e-02, -2.21478791e-05, -8.11137156e-07,\n",
       "         -4.91175912e-06,  5.73010136e-06,  1.64236258e-06,\n",
       "         -1.42146921e-04, -1.89043026e-03, -2.37471223e-03,\n",
       "         -1.90477571e-03,  1.44449646e-04,  2.78295702e-02,\n",
       "          2.56742224e-02,  1.17497559e-02],\n",
       "        [ 1.75853221e+00, -6.24992432e-05, -2.75874710e-06,\n",
       "         -2.09723525e-05,  9.94880016e-06,  5.96390606e-06,\n",
       "          2.02346003e-04, -2.18209085e-03,  1.33590873e-03,\n",
       "         -1.73978949e-03,  1.42598567e-03,  2.56742224e-02,\n",
       "          3.36428329e-02,  1.79854605e-02],\n",
       "        [ 5.57403431e+00, -1.51653392e-04, -7.79580426e-06,\n",
       "         -5.41289060e-05,  1.74130492e-05,  1.47095250e-05,\n",
       "          9.15436541e-04, -2.32026224e-03,  9.26131879e-03,\n",
       "         -1.08331367e-03,  3.44398694e-03,  1.17497559e-02,\n",
       "          1.79854605e-02,  7.52460704e-02]]))"
      ]
     },
     "execution_count": 4,
     "metadata": {},
     "output_type": "execute_result"
    },
    {
     "data": {
