6.117070433725539260e+02 -3.537313275057862513e+06 9.744024342028760910e+07 3.960682183734611142e+06 8.854153475151686770e-02 7.374404788080950368e+01 4.373195430933629723e+03 -1.444947423380022201e+03 -5.096470194675347676e-01 -1.600697655096374750e+15 5.902833304817560389e+01 3.497678059273423514e+03
-3.537313275057862513e+06 2.060874897066010666e+10 -5.646875293170158691e+11 -2.260360660392519379e+10 -6.768816794310575915e+02 -3.986106222708313144e+05 -2.522046784960545227e+07 8.176282779807162471e+06 2.341814869814279064e+03 9.298629981153861632e+18 -3.425723736700916197e+05 -2.031821528615823761e+07
9.744024342028760910e+07 -5.646875293170158691e+11 1.553123575823922461e+13 6.285423705862802734e+11 1.538695331085345424e+04 1.150215309132549167e+07 6.958345486832383871e+08 -2.287780461164577007e+08 -7.304711982323172560e+04 -2.553133361882581893e+20 9.412484940048374236e+06 5.578826839943034649e+08
3.960682183734611142e+06 -2.260360660392519379e+10 6.285423705862802734e+11 2.624168879720038986e+10 2.966647452489899024e+02 5.196148280915891519e+05 2.829137127543624118e+07 -9.728635364222684875e+06 -4.413698077143170849e+03 -1.028041801343590605e+19 3.797555388326434768e+05 2.246405580353453383e+07
8.854153475151686770e-02 -6.768816794310575915e+02 1.538695331085345424e+04 2.966647452489899024e+02 9.274759099108812279e+02 5.144333292294720650e+02 8.703184865441417060e+02 6.116557091714085875e-03 -5.784337646638272948e-03 -2.684760508535165710e+11 9.556845502223252145e-03 5.061030022156544073e-01
7.374404788080950368e+01 -3.986106222708313144e+05 1.150215309132549167e+07 5.196148280915891519e+05 5.144333292294720650e+02 1.090806187241247699e+03 7.208367707139162803e+02 -1.817171781191493665e+02 -3.165604145320923685e-02 -1.862909068433640000e+14 6.920445896782552175e+00 4.070648124933123881e+02
4.373195430933629723e+03 -2.522046784960545227e+07 6.958345486832383871e+08 2.829137127543624118e+07 8.703184865441417060e+02 7.208367707139162803e+02 3.622731999226020707e+04 -1.011092019337238162e+04 -3.951814619416331276e+00 -1.144227020758820200e+16 4.220570402709957420e+02 2.500249830988916437e+04
-1.444947423380022201e+03 8.176282779807162471e+06 -2.287780461164577007e+08 -9.728635364222684875e+06 6.116557091714085875e-03 -1.817171781191493665e+02 -1.011092019337238162e+04 3.709822732223427465e+03 1.388721166226340564e+00 3.728987856325574000e+15 -1.378960013043803201e+02 -8.148400111072810432e+03
-5.096470194675347676e-01 2.341814869814279064e+03 -7.304711982323172560e+04 -4.413698077143170849e+03 -5.784337646638272948e-03 -3.165604145320923685e-02 -3.951814619416331276e+00 1.388721166226340564e+00 6.990226871840814482e-01 1.132997943529428711e+12 -4.272344872369152058e-02 -2.476523375417799766e+00
-1.600697655096374750e+15 9.298629981153861632e+18 -2.553133361882581893e+20 -1.028041801343590605e+19 -2.684760508535165710e+11 -1.862909068433640000e+14 -1.144227020758820200e+16 3.728987856325574000e+15 1.132997943529428711e+12 4.200443264792693156e+27 -1.548070912161524375e+14 -9.178321608078180000e+15
5.902833304817560389e+01 -3.425723736700916197e+05 9.412484940048374236e+06 3.797555388326434768e+05 9.556845502223252145e-03 6.920445896782552175e+00 4.220570402709957420e+02 -1.378960013043803201e+02 -4.272344872369152058e-02 -1.548070912161524375e+14 5.706118879876903804e+00 3.382669010681410100e+02
3.497678059273423514e+03 -2.031821528615823761e+07 5.578826839943034649e+08 2.246405580353453383e+07 5.061030022156544073e-01 4.070648124933123881e+02 2.500249830988916437e+04 -8.148400111072810432e+03 -2.476523375417799766e+00 -9.178321608078180000e+15 3.382669010681410100e+02 2.005540444137621307e+04
