1.648660806153401609e+03 -9.523881703969795257e+06 2.625372775868085027e+08 1.069139994430320337e+07 -1.484252513902560224e+02 4.075153136229230313e+03 3.055350372902309573e+03 -3.040715273498443335e-03 -3.901595046550580719e+03 -1.408125053141495053e+00 -4.311736535319285000e+15 1.590223152730643221e+02 9.421570888297570491e+03
-9.523881703969795257e+06 5.543562263796895599e+10 -1.519939978522150146e+12 -6.094641164515493774e+10 9.179408250324706314e+05 -2.298815476085215062e+07 -1.858165960401261970e+07 1.718735650152079941e+01 2.205399451542470977e+07 6.480753242602415412e+03 2.502278290719072256e+19 -9.219729426098432159e+05 -5.467675317018269002e+07
2.625372775868085027e+08 -1.519939978522150146e+12 4.183379073215357812e+13 1.696094895567467773e+12 -2.414859254133060202e+07 6.445774136124142408e+08 4.931243528618596792e+08 -4.812769048592350032e+02 -6.175398385709406137e+08 -2.019592716361242638e+05 -6.875233138366924718e+20 2.534960919584645703e+07 1.502302440164371729e+09
1.069139994430320337e+07 -6.094641164515493774e+10 1.696094895567467773e+12 7.095070701027717590e+10 -8.610143670370638138e+05 2.753281387330598757e+07 1.744962955648865551e+07 -2.050164717250366664e+01 -2.630510216969371215e+07 -1.216783842614002424e+04 -2.773401763409846272e+19 1.024628326398395817e+06 6.060254130830602348e+07
-1.484252513902560224e+02 9.179408250324706314e+05 -2.414859254133060202e+07 -8.610143670370638138e+05 2.506018658848499399e+03 -5.860166794794546377e+02 1.836805985765536434e+03 9.953064805646924789e-04 3.037891890746944341e+02 1.662111768821565583e-02 4.034334815024478750e+14 -1.476105668716207475e+01 -8.816774478996979951e+02
4.075153136229230313e+03 -2.298815476085215062e+07 6.445774136124142408e+08 2.753281387330598757e+07 -5.860166794794546377e+02 1.243445970135827702e+04 5.025537416115485030e+03 -8.219930561314174253e-03 -1.044321058972638639e+04 -3.904175585526287851e+00 -1.050137781466773400e+16 3.884687150416805252e+02 2.294722445795837484e+04
3.055350372902309573e+03 -1.858165960401261970e+07 4.931243528618596792e+08 1.744962955648865551e+07 1.836805985765536434e+03 5.025537416115485030e+03 2.201123832730363574e+04 -3.128842025515994434e-03 -4.835200485671800379e+03 -2.340526386069302855e+00 -8.309064402394027000e+15 3.043538570126875697e+02 1.815502260156399279e+04
-3.040715273498443335e-03 1.718735650152079941e+01 -4.812769048592350032e+02 -2.050164717250366664e+01 9.953064805646924789e-04 -8.219930561314174253e-03 -3.128842025515994434e-03 6.327070594709960299e-09 7.812747154144511486e-03 2.979337526078096406e-06 7.842916148527570724e+09 -2.900652102980853645e-04 -1.713804514196017037e-02
-3.901595046550580719e+03 2.205399451542470977e+07 -6.175398385709406137e+08 -2.630510216969371215e+07 3.037891890746944341e+02 -1.044321058972638639e+04 -4.835200485671800379e+03 7.812747154144511486e-03 1.002436462336224031e+04 3.823627915994486148e+00 1.006351682339338000e+16 -3.721914892084152484e+02 -2.199033180142176934e+04
-1.408125053141495053e+00 6.480753242602415412e+03 -2.019592716361242638e+05 -1.216783842614002424e+04 1.662111768821565583e-02 -3.904175585526287851e+00 -2.340526386069302855e+00 2.979337526078096406e-06 3.823627915994486148e+00 1.911483417946613805e+00 3.134861886507899902e+12 -1.181901480479836675e-01 -6.852215556986674727e+00
-4.311736535319285000e+15 2.502278290719072256e+19 -6.875233138366924718e+20 -2.773401763409846272e+19 4.034334815024478750e+14 -1.050137781466773400e+16 -8.309064402394027000e+15 7.842916148527570724e+09 1.006351682339338000e+16 3.134861886507899902e+12 1.130843037445802429e+28 -4.168215169285456875e+14 -2.470990215731958400e+16
1.590223152730643221e+02 -9.219729426098432159e+05 2.534960919584645703e+07 1.024628326398395817e+06 -1.476105668716207475e+01 3.884687150416805252e+02 3.043538570126875697e+02 -2.900652102980853645e-04 -3.721914892084152484e+02 -1.181901480479836675e-01 -4.168215169285456875e+14 1.536571721168630589e+01 9.107922802893230028e+02
9.421570888297570491e+03 -5.467675317018269002e+07 1.502302440164371729e+09 6.060254130830602348e+07 -8.816774478996979951e+02 2.294722445795837484e+04 1.815502260156399279e+04 -1.713804514196017037e-02 -2.199033180142176934e+04 -6.852215556986674727e+00 -2.470990215731958400e+16 9.107922802893230028e+02 5.399328213876965310e+04
