1.609584988801091413e+03 -9.221037920886043459e+06 2.554491031028038859e+08 1.075791868647297025e+08 -1.279579258768178391e+02 4.015884613892563266e+03 3.035826955715791883e+03 -2.988136065623806480e-03 -3.833786766849564629e+03 -1.144754531933801616e+02 -2.749837494988922500e+15 6.762307897798288536e+01 2.493699442295419885e+03
-9.221037920886043459e+06 5.334962560982232666e+10 -1.468180636978742920e+12 -6.059750176145245361e+11 7.903195983313524630e+05 -2.243887509502537176e+07 -1.839519377548885345e+07 1.671863566502558385e+01 2.145055453408589214e+07 5.074748399649581988e+05 1.582249611065140634e+19 -3.871522179970840225e+05 -1.424288939015207440e+07
2.554491031028038859e+08 -1.468180636978742920e+12 4.058749168277477344e+13 1.698123357169755273e+13 -2.082773339875838533e+07 6.328505652591987848e+08 4.884021787530920506e+08 -4.710965368366287862e+02 -6.044226940010104179e+08 -1.623883530706972815e+07 -4.370509158240334643e+20 1.073022374520743079e+07 3.953621487152958512e+08
1.075791868647297025e+08 -6.059750176145245361e+11 1.698123357169755273e+13 7.398182239065233398e+12 -7.577497244675686583e+06 2.801368642724438310e+08 1.762564623008776009e+08 -2.082424659638446940e+02 -2.671685655312624574e+08 -1.050704394674384594e+07 -1.824017712935901921e+20 4.524093419439641759e+06 1.674752220776250362e+08
-1.279579258768178391e+02 7.903195983313524630e+05 -2.082773339875838533e+07 -7.577497244675686583e+06 2.491575770096587348e+03 -5.335855889598230988e+02 1.780696658815169030e+03 9.624461359483029018e-04 2.636972577449416235e+02 1.405804008770765501e+00 2.251168519275939688e+14 -5.332914231284816786e+00 -1.924569269751059153e+02
4.015884613892563266e+03 -2.243887509502537176e+07 6.328505652591987848e+08 2.801368642724438310e+08 -5.335855889598230988e+02 1.243414551241393201e+04 4.662486974592541628e+03 -8.181667159074512349e-03 -1.039738379126491782e+04 -3.394655863104284208e+02 -6.784167578056130000e+15 1.689081685818909762e+02 6.259214264239863951e+03
3.035826955715791883e+03 -1.839519377548885345e+07 4.884021787530920506e+08 1.762564623008776009e+08 1.780696658815169030e+03 4.662486974592541628e+03 2.395674884349829517e+04 -2.959534780774220660e-03 -4.581287834447814021e+03 -8.432894225032221414e+01 -5.367773449385537000e+15 1.283504181633802546e+02 4.712293326985733984e+03
-2.988136065623806480e-03 1.671863566502558385e+01 -4.710965368366287862e+02 -2.082424659638446940e+02 9.624461359483029018e-04 -8.181667159074512349e-03 -2.959534780774220660e-03 6.290730105153953824e-09 7.767400067584604405e-03 2.589136996741158380e-04 5.049146426540889740e+09 -1.256366601042450699e-04 -4.653509737809928722e-03
-3.833786766849564629e+03 2.145055453408589214e+07 -6.044226940010104179e+08 -2.671685655312624574e+08 2.636972577449416235e+02 -1.039738379126491782e+04 -4.581287834447814021e+03 7.767400067584604405e-03 9.965473318957410811e+03 3.321643124235935147e+02 6.478106736160161000e+15 -1.611913235263064905e+02 -5.970390099397414815e+03
-1.144754531933801616e+02 5.074748399649581988e+05 -1.623883530706972815e+07 -1.050704394674384594e+07 1.405804008770765501e+00 -3.394655863104284208e+02 -8.432894225032221414e+01 2.589136996741158380e-04 3.321643124235935147e+02 1.855975582522692662e+02 1.724526402043402188e+14 -4.774783686988165243e+00 -1.888612651470048149e+02
-2.749837494988922500e+15 1.582249611065140634e+19 -4.370509158240334643e+20 -1.824017712935901921e+20 2.251168519275939688e+14 -6.784167578056130000e+15 -5.367773449385537000e+15 5.049146426540889740e+09 6.478106736160161000e+15 1.724526402043402188e+14 4.707312109310497837e+27 -1.155042969959801406e+14 -4.254979544154633500e+15
6.762307897798288536e+01 -3.871522179970840225e+05 1.073022374520743079e+07 4.524093419439641759e+06 -5.332914231284816786e+00 1.689081685818909762e+02 1.283504181633802546e+02 -1.256366601042450699e-04 -1.611913235263064905e+02 -4.774783686988165243e+00 -1.155042969959801406e+14 2.841429098807330078e+00 1.047989676588239831e+02
2.493699442295419885e+03 -1.424288939015207440e+07 3.953621487152958512e+08 1.674752220776250362e+08 -1.924569269751059153e+02 6.259214264239863951e+03 4.712293326985733984e+03 -4.653509737809928722e-03 -5.970390099397414815e+03 -1.888612651470048149e+02 -4.254979544154633500e+15 1.047989676588239831e+02 3.867663526888530669e+03
